"Gcin" "Gumb" "Lralis" "Lrea" "Lsax" "Mono" "Neap" "Nlap" "Nret" "Patsp"
"Lam 1" 0 0 1 0 0 0 0 4 0 3
"Lam 10" 0 9 0 0 0 0 0 5 0 17
"Lam 11" 0 10 0 0 0 0 0 5 0 18
"Lam 12" 0 25 0 0 0 0 0 24 0 12
"Lam 13" 0 14 0 0 0 0 0 1 0 9
"Lam 14" 0 3 0 0 0 0 0 1 0 15
"Lam 2" 1 4 0 0 0 0 0 11 0 8
"Lam 3" 0 2 0 0 0 0 0 0 0 6
"Lam 4" 0 42 0 0 0 0 0 25 0 11
"Lam 5" 0 9 0 0 0 0 0 0 0 6
"Lam 6" 1 0 0 0 0 0 0 3 0 14
"Lam 7" 0 3 0 0 0 0 0 0 0 6
"Lam 8" 1 1 0 0 0 0 0 2 0 8
"Lam 9" 0 11 0 0 0 0 0 22 0 12
"Ser 1" 0 22 0 6 0 0 0 18 0 4
"Ser 10" 0 64 1 35 0 0 0 0 0 1
"Ser 11" 1 28 0 11 0 0 0 0 0 8
"Ser 12" 0 80 0 14 0 0 0 43 0 16
"Ser 13" 0 70 0 1 0 0 0 6 0 0
"Ser 14" 0 52 1 8 0 0 0 6 0 15
"Ser 2" 0 0 1 16 0 0 0 1 0 3
"Ser 3" 0 17 0 3 0 0 0 2 0 5
"Ser 4" 0 95 0 10 0 0 0 4 1 12
"Ser 5" 0 34 1 0 0 0 0 0 0 7
"Ser 6" 0 11 0 25 0 0 0 4 0 3
"Ser 7" 0 21 1 14 0 0 0 1 0 13
"Ser 8" 0 29 0 1 0 0 0 0 0 5
"Ser 9" 0 51 6 66 0 0 0 0 0 5
"Spi 1" 0 0 0 0 10 1 0 0 0 2
"Spi 10" 0 4 0 2 29 1 0 0 0 7
"Spi 11" 0 1 0 0 39 8 0 0 0 9
"Spi 12" 0 7 0 1 99 1 0 0 0 10
"Spi 13" 0 0 0 0 130 0 0 0 0 5
"Spi 14" 0 27 0 7 11 2 0 0 0 6
"Spi 2" 0 0 0 0 3 2 0 0 0 4
"Spi 3" 0 1 0 0 21 1 0 0 0 5
"Spi 4" 0 0 0 3 73 0 0 0 0 12
"Spi 5" 0 0 0 0 78 0 0 0 0 2
"Spi 6" 0 2 0 0 12 0 0 0 0 6
"Spi 7" 0 0 0 0 35 0 0 0 0 4
"Spi 8" 0 3 0 0 38 0 0 0 0 5
"Spi 9" 0 54 1 1 26 20 0 0 0 18
"Ves 1" 0 18 1 42 0 1 1 0 0 3
"Ves 10" 0 28 3 58 0 0 0 0 0 10
"Ves 11" 0 35 0 25 0 0 0 0 0 7
"Ves 12" 0 39 0 77 0 0 0 2 0 13
"Ves 13" 0 23 10 45 0 0 0 3 0 14
"Ves 14" 0 43 0 39 3 0 0 1 0 20
"Ves 2" 0 17 0 30 0 0 0 1 0 8
"Ves 3" 1 4 2 24 0 0 0 3 0 7
"Ves 4" 0 101 4 39 0 0 0 0 0 8
"Ves 5" 0 42 8 42 0 0 0 0 0 7
"Ves 6" 0 0 0 6 0 0 0 6 0 3
"Ves 7" 0 17 4 48 0 0 0 0 0 8
"Ves 8" 0 16 2 72 0 0 0 10 0 2
"Ves 9" 0 37 10 115 0 0 0 4 0 5
